108 0 1 0
108 0 1 1
121 main 0 0
119 main 0 1
108 0 1 0
108 0 1 1
108 0 1 1
108 0 1 1
108 0 1 1
108 0 1 1
108 0 1 1
104 0 1 1
6 a 0 0
122 0 0 0
104 0 1 1
6 b 0 0
122 0 0 0
104 0 1 1
6 c 0 0
122 0 0 0
104 0 1 1
6 diskr 0 0
2 0 1 1
7 0 1 1
6 b 0 0
5 2 0 0
4 0 1 1
4 0 1 1
5 4 0 0
6 a 0 0
6 c 0 0
103 0 1 1
113 0 1 1
6 diskr 0 0
5 0 0 0
108 0 1 0
108 0 1 1
108 0 1 1
108 0 1 1
108 0 1 1
104 0 1 1
6 first 0 0
3 0 1 1
1 0 1 1
4 0 1 1
5 -1 0 0
6 b 0 0
11 0 1 0
6 diskr 0 0
4 0 1 1
5 2 0 0
6 a 0 0
104 0 1 1
6 second 0 0
3 0 1 1
2 0 1 1
4 0 1 1
5 -1 0 0
6 b 0 0
11 0 1 0
6 diskr 0 0
4 0 1 1
5 2 0 0
6 a 0 0
118 0 1 0
6 first 0 0
118 0 1 0
6 second 0 0
120 0 0 0
103 0 1 1
110 0 1 1
6 diskr 0 0
5 0 0 0
108 0 1 0
108 0 1 1
108 0 1 1
104 0 1 1
6 first 0 0
3 0 1 1
1 0 1 1
4 0 1 1
5 -1 0 0
6 b 0 0
11 0 1 0
6 diskr 0 0
4 0 1 1
5 2 0 0
6 a 0 0
118 0 1 0
6 first 0 0
120 0 0 0
120 0 0 0
